4294967279,109
4294967279,108
4294967278,255
4294967279,337
4294967278,517
4294967279,336
4294967278,254
4294967279,111
4294967279,110
4294967279,335
4294967278,516
4294967279,252
4294967279,114
4294967279,113
4294967279,112
4294967278,515
4294967279,251
4294967278,250
4294967279,249
4294967278,249
4294967279,334
4294967278,247
4294967279,118
4294967279,117
4294967279,116
4294967279,115
4294967279,119
4294967279,247
4294967278,245
4294967279,244
4294967279,128
4294967279,127
4294967279,126
4294967279,125
4294967279,124
4294967279,123
4294967279,122
4294967279,121
4294967279,120
4294967278,242
4294967278,240
4294967278,241
4294967278,239
4294967279,333
4294967278,12
4294967278,11
4294967278,10
4294967278,9
4294967278,8
4294967278,7
4294967278,6
4294967278,5
4294967278,4
4294967279,132
4294967279,131
4294967279,130
4294967279,129
4294967278,514
4294967278,236
4294967278,39
4294967278,38
4294967278,37
4294967278,36
4294967278,35
4294967278,34
4294967278,33
4294967278,32
4294967278,31
4294967278,30
4294967278,29
4294967278,28
4294967278,27
4294967278,26
4294967278,25
4294967278,24
4294967278,23
4294967278,22
4294967278,21
4294967278,20
4294967278,19
4294967278,18
4294967278,17
4294967278,16
4294967278,15
4294967278,14
4294967278,13
4294967279,35
4294967279,34
4294967279,33
4294967279,31
4294967279,30
4294967279,29
4294967279,28
4294967279,23
4294967279,22
4294967279,21
4294967279,20
4294967279,19
4294967279,18
4294967279,15
4294967279,14
4294967279,12
4294967279,11
4294967278,233
4294967278,228
4294967278,226
22,4
4294967278,224
22,3
22,2
22,1
4294967278,223
4294967294,115
4294967278,222
4294967278,216
4294967278,219
4294967278,217
21,6
4294967278,214
4294967278,215
4294967279,332
4294967278,213
21,5
4294967278,211
21,4
4294967278,210
21,3
21,2
21,1
4294967278,513
4294967278,209
4294967294,1358
4294967278,206
4294967294,390
4294967294,120
4294967279,331
4294967278,512
4294967278,319
20,5
4294967278,205
4294967278,204
20,4
20,3
20,2
20,1
4294967279,330
4294967278,203
4294967278,318
4294967279,329
4294967278,201
4294967278,317
4294967278,316
4294967279,328
4294967278,315
4294967278,196
4294967278,195
4294967278,193
19,4
4294967278,194
19,3
19,2
19,1
4294967278,314
4294967278,192
4294967278,191
4294967279,327
4294967278,190
4294967278,189
4294967278,188
17,4
4294967278,187
17,3
17,2
17,1
4294967278,313
4294967278,186
4294967294,99
4294967294,41
4294967278,185
4294967278,184
4294967278,183
16,4
16,3
16,2
16,1
4294967279,326
4294967278,182
0,7
4294967294,395
4294967294,396
4294967294,409
4294967294,399
4294967294,421
4294967294,178
4294967294,179
4294967294,953
4294967294,952
4294967294,167
4294967294,183
4294967294,398
4294967294,406
4294967294,415
4294967294,151
4294967294,457
4294967294,116
4294967294,463
4294967294,164
4294967294,467
4294967294,465
4294967278,312
4294967294,469
4294967294,1
4294967294,186
4294967294,1356
4294967294,150
4294967294,907
4294967294,0
4294967294,956
4294967279,325
4294967278,311
4294967279,324
4294967278,310
4294967294,89
4294967279,323
4294967278,309
4294967294,388
4294967279,322
4294967278,308
4294967294,954
4294967294,29
4294967294,53
4294967294,417
4294967294,51
4294967294,441
4294967294,392
4294967294,46
4294967294,389
4294967294,114
4294967294,2
4294967294,45
4294967294,44
4294967294,43
4294967279,321
4294967278,307
4294967294,107
4294967294,50
4294967294,91
4294967294,90
4294967294,87
4294967294,86
4294967294,85
4294967294,84
4294967294,923
4294967294,957
4294967294,419
4294967294,28
4294967294,924
4294967294,27
4294967294,393
4294967294,96
4294967294,94
4294967279,320
4294967294,9
4294967294,8
4294967279,319
4294967278,306
4294967294,22
4294967294,83
4294967294,92
4294967294,88
4294967278,305
4294967278,260
4294967294,7
4294967279,318
4294967294,6
4294967278,172
4294967294,472
4294967294,61
4294967278,171
4294967294,955
4294967294,971
4294967278,132
4294967278,131
4294967278,130
4294967278,129
4294967278,128
4294967278,127
4294967278,126
4294967278,125
4294967278,124
4294967278,123
4294967278,122
4294967278,121
